356, 1
356, 2
355, 3
355, 4
354, 5
354, 6
350, 7
347, 8
346, 9
345, 10
345, 11
345, 12
345, 13
345, 14
345, 15
345, 16
343, 17
343, 18
341, 19
341, 20
340, 21
340, 22
340, 23
339, 24
338, 25
338, 26
338, 27
338, 28
336, 29
336, 30
335, 31
335, 32
333, 33
333, 34
333, 35
331, 36
331, 37
331, 38
331, 39
331, 40
329, 41
326, 42
325, 43
325, 44
325, 45
325, 46
325, 47
325, 48
325, 49
325, 50
325, 51
323, 52
323, 53
321, 54
321, 55
321, 56
321, 57
321, 58
320, 59
320, 60
319, 61
319, 62
318, 63
318, 64
318, 65
318, 66
318, 67
318, 68
318, 69
318, 70
318, 71
317, 72
317, 73
317, 74
317, 75
317, 76
317, 77
316, 78
316, 79
316, 80
316, 81
315, 82
315, 83
315, 84
315, 85
315, 86
315, 87
315, 88
315, 89
315, 90
315, 91
315, 92
315, 93
314, 94
314, 95
314, 96
314, 97
314, 98
314, 99
314, 100
314, 101
314, 102
314, 103
314, 104
314, 105
314, 106
314, 107
314, 108
314, 109
314, 110
314, 111
314, 112
314, 113
314, 114
314, 115
314, 116
314, 117
314, 118
314, 119
314, 120
314, 121
314, 122
314, 123
314, 124
314, 125
314, 126
314, 127
313, 128
313, 129
313, 130
313, 131
313, 132
313, 133
313, 134
313, 135
313, 136
312, 137
312, 138
312, 139
312, 140
311, 141
311, 142
311, 143
311, 144
311, 145
311, 146
311, 147
310, 148
309, 149
309, 150
309, 151
309, 152
309, 153
309, 154
309, 155
309, 156
309, 157
309, 158
309, 159
309, 160
309, 161
309, 162
309, 163
307, 164
307, 165
307, 166
307, 167
307, 168
307, 169
307, 170
305, 171
305, 172
305, 173
305, 174
305, 175
305, 176
305, 177
305, 178
305, 179
305, 180
305, 181
305, 182
305, 183
305, 184
305, 185
305, 186
305, 187
305, 188
305, 189
305, 190
305, 191
305, 192
305, 193
305, 194
305, 195
305, 196
305, 197
305, 198
305, 199
305, 200
305, 201
305, 202
305, 203
305, 204
305, 205
305, 206
305, 207
305, 208
305, 209
305, 210
305, 211
305, 212
305, 213
305, 214
305, 215
305, 216
305, 217
305, 218
305, 219
305, 220
305, 221
305, 222
305, 223
305, 224
305, 225
305, 226
305, 227
305, 228
305, 229
305, 230
305, 231
305, 232
305, 233
305, 234
305, 235
305, 236
305, 237
305, 238
305, 239
305, 240
305, 241
305, 242
305, 243
305, 244
305, 245
305, 246
305, 247
305, 248
305, 249
305, 250
305, 251
305, 252
305, 253
305, 254
305, 255
305, 256
305, 257
305, 258
305, 259
305, 260
305, 261
305, 262
305, 263
305, 264
305, 265
305, 266
305, 267
305, 268
305, 269
305, 270
305, 271
305, 272
305, 273
305, 274
305, 275
305, 276
305, 277
305, 278
305, 279
305, 280
305, 281
305, 282
305, 283
305, 284
305, 285
305, 286
305, 287
305, 288
305, 289
305, 290
305, 291
305, 292
305, 293
305, 294
305, 295
305, 296
305, 297
305, 298
305, 299
305, 300
305, 301
305, 302
305, 303
305, 304
305, 305
305, 306
305, 307
305, 308
305, 309
305, 310
305, 311
305, 312
305, 313
305, 314
305, 315
305, 316
305, 317
305, 318
305, 319
305, 320
305, 321
305, 322
305, 323
305, 324
305, 325
305, 326
305, 327
305, 328
305, 329
305, 330
305, 331
305, 332
305, 333
305, 334
305, 335
305, 336
305, 337
305, 338
305, 339
305, 340
305, 341
305, 342
305, 343
305, 344
305, 345
305, 346
305, 347
305, 348
305, 349
305, 350
305, 351
305, 352
305, 353
305, 354
305, 355
305, 356
305, 357
305, 358
305, 359
305, 360
305, 361
305, 362
305, 363
305, 364
305, 365
305, 366
305, 367
305, 368
305, 369
305, 370
305, 371
305, 372
305, 373
305, 374
305, 375
305, 376
305, 377
305, 378
305, 379
305, 380
305, 381
305, 382
305, 383
305, 384
305, 385
305, 386
305, 387
305, 388
305, 389
305, 390
305, 391
305, 392
305, 393
305, 394
305, 395
305, 396
305, 397
305, 398
305, 399
305, 400
305, 401
305, 402
305, 403
305, 404
305, 405
305, 406
305, 407
305, 408
305, 409
305, 410
305, 411
305, 412
305, 413
305, 414
305, 415
305, 416
305, 417
305, 418
305, 419
305, 420
305, 421
305, 422
305, 423
305, 424
305, 425
305, 426
305, 427
305, 428
305, 429
305, 430
305, 431
305, 432
305, 433
305, 434
305, 435
305, 436
305, 437
305, 438
305, 439
305, 440
305, 441
305, 442
305, 443
305, 444
305, 445
305, 446
305, 447
305, 448
305, 449
305, 450
305, 451
305, 452
305, 453
305, 454
305, 455
305, 456
305, 457
305, 458
305, 459
305, 460
305, 461
305, 462
305, 463
305, 464
305, 465
305, 466
305, 467
305, 468
305, 469
305, 470
305, 471
305, 472
305, 473
305, 474
305, 475
305, 476
305, 477
305, 478
305, 479
305, 480
305, 481
305, 482
305, 483
305, 484
305, 485
305, 486
305, 487
305, 488
305, 489
305, 490
305, 491
305, 492
305, 493
305, 494
305, 495
305, 496
305, 497
305, 498
305, 499
305, 500
305, 501
305, 502
305, 503
305, 504
305, 505
305, 506
305, 507
305, 508
305, 509
305, 510
305, 511
305, 512
305, 513
305, 514
305, 515
305, 516
305, 517
305, 518
305, 519
305, 520
305, 521
305, 522
305, 523
305, 524
305, 525
305, 526
305, 527
305, 528
305, 529
305, 530
305, 531
305, 532
305, 533
305, 534
305, 535
305, 536
305, 537
305, 538
305, 539
305, 540
305, 541
305, 542
305, 543
305, 544
305, 545
305, 546
305, 547
305, 548
305, 549
305, 550
305, 551
305, 552
305, 553
305, 554
305, 555
305, 556
305, 557
305, 558
305, 559
305, 560
305, 561
305, 562
305, 563
305, 564
305, 565
305, 566
305, 567
305, 568
305, 569
305, 570
305, 571
305, 572
305, 573
305, 574
305, 575
305, 576
305, 577
305, 578
305, 579
305, 580
305, 581
305, 582
305, 583
305, 584
305, 585
305, 586
305, 587
305, 588
305, 589
305, 590
305, 591
305, 592
305, 593
305, 594
305, 595
305, 596
305, 597
305, 598
305, 599
305, 600
305, 601
305, 602
305, 603
305, 604
305, 605
305, 606
305, 607
305, 608
305, 609
305, 610
305, 611
305, 612
305, 613
305, 614
305, 615
305, 616
305, 617
305, 618
305, 619
305, 620
305, 621
305, 622
305, 623
305, 624
305, 625
305, 626
305, 627
305, 628
305, 629
305, 630
305, 631
305, 632
305, 633
305, 634
305, 635
305, 636
305, 637
305, 638
305, 639
305, 640
305, 641
305, 642
305, 643
305, 644
305, 645
305, 646
305, 647
305, 648
305, 649
305, 650
305, 651
305, 652
305, 653
305, 654
305, 655
305, 656
305, 657
305, 658
305, 659
305, 660
305, 661
305, 662
305, 663
305, 664
305, 665
305, 666
305, 667
305, 668
305, 669
305, 670
305, 671
305, 672
305, 673
305, 674
305, 675
305, 676
305, 677
305, 678
305, 679
305, 680
305, 681
305, 682
305, 683
305, 684
305, 685
305, 686
305, 687
305, 688
305, 689
305, 690
305, 691
305, 692
305, 693
305, 694
305, 695
305, 696
305, 697
305, 698
305, 699
305, 700
305, 701
305, 702
305, 703
305, 704
305, 705
305, 706
305, 707
305, 708
305, 709
305, 710
305, 711
305, 712
305, 713
305, 714
305, 715
305, 716
305, 717
305, 718
305, 719
305, 720
305, 721
305, 722
305, 723
305, 724
305, 725
305, 726
305, 727
305, 728
305, 729
305, 730
305, 731
305, 732
305, 733
305, 734
305, 735
305, 736
305, 737
305, 738
305, 739
305, 740
305, 741
305, 742
305, 743
305, 744
305, 745
305, 746
305, 747
305, 748
305, 749
305, 750
305, 751
305, 752
305, 753
305, 754
305, 755
305, 756
305, 757
305, 758
305, 759
305, 760
305, 761
305, 762
305, 763
305, 764
305, 765
305, 766
305, 767
305, 768
305, 769
305, 770
305, 771
305, 772
305, 773
305, 774
305, 775
305, 776
305, 777
305, 778
305, 779
305, 780
305, 781
305, 782
305, 783
305, 784
305, 785
305, 786
305, 787
305, 788
305, 789
305, 790
305, 791
305, 792
305, 793
305, 794
305, 795
305, 796
305, 797
305, 798
305, 799
305, 800
305, 801
305, 802
305, 803
305, 804
305, 805
305, 806
305, 807
305, 808
305, 809
305, 810
305, 811
305, 812
305, 813
305, 814
305, 815
305, 816
305, 817
305, 818
305, 819
305, 820
305, 821
305, 822
305, 823
305, 824
305, 825
305, 826
305, 827
305, 828
305, 829
305, 830
305, 831
305, 832
305, 833
305, 834
305, 835
305, 836
305, 837
305, 838
305, 839
305, 840
305, 841
305, 842
305, 843
305, 844
305, 845
305, 846
305, 847
305, 848
305, 849
305, 850
305, 851
305, 852
305, 853
305, 854
305, 855
305, 856
305, 857
305, 858
305, 859
305, 860
305, 861
305, 862
305, 863
305, 864
305, 865
305, 866
305, 867
305, 868
305, 869
305, 870
305, 871
305, 872
305, 873
305, 874
305, 875
305, 876
305, 877
305, 878
305, 879
305, 880
305, 881
305, 882
305, 883
305, 884
305, 885
305, 886
305, 887
305, 888
305, 889
305, 890
305, 891
305, 892
305, 893
305, 894
305, 895
305, 896
305, 897
305, 898
305, 899
305, 900
305, 901
305, 902
305, 903
305, 904
305, 905
305, 906
305, 907
305, 908
305, 909
305, 910
305, 911
305, 912
305, 913
305, 914
305, 915
305, 916
305, 917
305, 918
305, 919
305, 920
305, 921
305, 922
305, 923
305, 924
305, 925
305, 926
305, 927
305, 928
305, 929
305, 930
305, 931
305, 932
305, 933
305, 934
305, 935
305, 936
305, 937
305, 938
305, 939
305, 940
305, 941
305, 942
305, 943
305, 944
305, 945
305, 946
305, 947
305, 948
305, 949
305, 950
305, 951
305, 952
305, 953
305, 954
305, 955
305, 956
305, 957
305, 958
305, 959
305, 960
305, 961
305, 962
305, 963
305, 964
305, 965
305, 966
305, 967
305, 968
305, 969
305, 970
305, 971
305, 972
305, 973
305, 974
305, 975
305, 976
305, 977
305, 978
305, 979
305, 980
305, 981
305, 982
305, 983
305, 984
305, 985
305, 986
305, 987
305, 988
305, 989
305, 990
305, 991
305, 992
305, 993
305, 994
305, 995
305, 996
305, 997
305, 998
305, 999
305, 1000